awal,tujuan,jarak
0,1,3.5
0,3,0.45
0,9,6.3
1,0,3.5
1,2,0.35
1,4,0.7
1,5,1.3
2,1,0.35
2,5,0.16
2,6,1.2
3,0,0.45
3,4,3.0
4,1,0.7
4,3,3.0
5,1,1.3
5,2,0.16
6,2,1.2
6,7,3.7
7,6,3.7
7,8,3.6
7,9,7.1
7,10,7.9
8,7,3.6
8,11,7.0
9,0,6.3
9,7,7.1
10,7,7.9
10,12,4.4
11,8,7.0
12,10,4.4